================================================================================
EMG NETWORK ANALYSIS - SUMMARY REPORT
================================================================================

Number of subjects analyzed: 31

Network Metrics Summary:
----------------------------------------
       network_n_nodes  network_n_edges  network_density  network_diameter  network_average_path_length  network_global_efficiency  network_largest_component_size  network_avg_clustering  network_transitivity  network_assortativity  network_small_worldness  network_modularity
count             31.0             31.0        31.000000         31.000000                    31.000000                  31.000000                       22.000000               31.000000             31.000000              31.000000                31.000000           31.000000
mean              10.0             11.0         0.244444          4.419355                     2.166948                   0.626148                        7.363636                0.377097              0.458240               0.044233                 0.085824            0.444678
std                0.0              0.0         0.000000          1.586909                     0.552296                   0.135500                        1.619684                0.145952              0.179813               0.332023                 0.477849            0.068858
min               10.0             11.0         0.244444          1.000000                     1.000000                   0.484127                        4.000000                0.100000              0.176471              -0.489583                 0.000000            0.337138
25%               10.0             11.0         0.244444          3.000000                     1.797619                   0.527037                        6.000000                0.283333              0.333333              -0.175214                 0.000000            0.385649
50%               10.0             11.0         0.244444          5.000000                     2.238095                   0.580952                        8.000000                0.366667              0.375000              -0.031250                 0.000000            0.434326
75%               10.0             11.0         0.244444          6.000000                     2.586111                   0.676587                        9.000000                0.433333              0.600000               0.231746                 0.000000            0.510309
max               10.0             11.0         0.244444          7.000000                     3.088889                   1.000000                        9.000000                0.733333              0.900000               0.780000                 2.660550            0.583006

